兰陵县九易装饰工程有限公司 ,山东省临沂市兰陵县卞庄街道东埝头市场,15265108188,65108188,
九创装饰工程有限公司            ,金四路与中丘路交汇 东南,4008-659-600,,
市雅尚装饰有限公司            ,临沂琅琊王路与聚才五路交汇处路东1号,4008-659-600,,
北京业之峰诺华装饰股份有限公司            ,临沂市兰山区临西一路和金三路交汇,4008-659-600,,
九名匠装饰工程有限公司            ,临沂市兰山区金四路与中丘路交汇处东南角,4008-659-600,,
阔达装饰分公司            ,临沂市兰山区沂州路与金五路交汇处联安大厦1...,4008-659-600,,
波涛装饰公司            ,临沂高新区南二环西段财富中心,4008-659-600,,
东易日盛装饰公司            ,沂蒙路183号东易大厦4楼,4008-659-600,,
香丽华峰装饰工程有限公司            ,临沂经济技术开发区百易家装饰城,4008-659-600,,
市兰山区曦雅装饰设计有限公司            ,临沂市兰山区新华路12号万阅城a座1902...,4008-659-600,,
市南方名匠装修公司            ,山东-临沂-沂水县,4008-659-600,,
山东港穗装饰工程有限公司            ,山东省临沂市兰山区开阳路309号,4008-659-600,,
市兰山区曦雅装饰设计有限公司            ,临沂市兰山区新华路12号万阅城a座1902...,4008-659-600,,
小小鱼装饰设计有限公司            ,山东-临沂-沂水县,4008-659-600,,
南匠装饰工程有限公司            ,临沂市北城新区齐鲁园广场公馆25层,4008-659-600,,
市君诺装饰工程有限公司            ,临沂市兰山区蒙山大道化武路豪德建材市场21...,4008-659-600,,
佳天下装饰工程有限公司            ,临沂市兰山区通达路50号东方商贸城2楼,4008-659-600,,
市盛唐尚品装饰工程有限公司            ,临沂市费县物价局沿街楼,4008-659-600,,
市元顺装饰工程公司            ,山东-临沂-临沂市兰山区-临沂市兰山区临西...,4008-659-600,,
爱尚家装饰工程有限公司            ,通达路与北园路交会城建时代广场13楼,4008-659-600,,
尚品华龙装饰工程有限公司            ,北城新区沂蒙路与上海路 颐高上海街a座80...,4008-659-600,,
瑞雅峰装饰工程有限公司            ,临沂市兰山区金雀山路与通达路交汇处路西三楼,4008-659-600,,
大地智墅装饰工程有限公司            ,山东省临沂市兰山区柳青街道沂蒙路与广州路交...,4008-659-600,,
瑞腾装饰工程有限公司            ,临西五路与水安路交汇处路西顺和国际建材家居...,4008-659-600,,
北京德意世家装饰分部            ,临沂北城沂蒙路与上海路交汇朗润大厦B座16...,4008-659-600,,
实创家居装饰集团有限公司            ,青云谱洪都洪城路6号国贸广场13层,4008-659-600,,
立帆装饰有限公司            ,临沂市城建时代广场12楼,4008-659-600,,
亚泰装饰设计有限公司            ,兰山-蒙山大道 与涑河南街台湾城806,4008-659-600,,
